1443
1342
1416
1399
1350
1523
1455
1374
1527
1329
1460
1581
1363
1487
1398
1543
1383
1521
1492
1457
1364
1470
1448
1410
1436
1615
1490
1408
1419
1690
1574
1476
1472
1549
1470
1346
1579
1503
1469
1420
1452
1612
1374
1373
1247
1372
1677
1322
1351
1421
1401
1510
1394
1516
1422
1560
1480
1559
1528
1276
1414
1367
1490
1498
1446
1531
1462
1385
1496
1479
1337
1486
1320
1556
1377
1504
1401
1440
1370
1340
1373
1411
1519
1546
1397
1485
1597
1515
1488
1485
1426
1537
1372
1407
1472
1388
1381
1340
1490
1572
